科目,2007-03-31,2007-06-30,2007-09-30,2007-12-31,2008-03-31,2008-06-30,2008-09-30,2008-12-31,2009-03-31,2009-06-30,2009-09-30,2009-12-31,2010-03-31,2010-06-30,2010-09-30,2010-12-31,2011-03-31,2011-06-30,2011-09-30,2011-12-31,2012-03-31,2012-06-30,2012-09-30,2012-12-31,2013-03-31,2013-06-30,2013-09-30,2013-12-31,2014-03-31,2014-06-30,2014-09-30,2014-12-31,2015-03-31,2015-06-30,2015-09-30,2015-12-31,2016-03-31,2016-06-30,2016-09-30,2016-12-31,2017-03-31,2017-06-30,2017-09-30,2017-12-31,2018-03-31,2018-06-30,2018-09-30,2018-12-31,2019-03-31
货币资金,"340,142,146.32","338,886,652.64","405,079,793.04","271,130,827.05","196,544,220.44","237,738,267.83","271,248,364.26","153,069,945.14","206,185,593.46","391,885,166.63","395,613,434.13","473,878,732.76","473,980,044.81","450,676,549.56","570,880,572.48","395,519,956.51","407,683,349.89","372,872,823.37","580,895,612.51","445,237,419.15","397,297,951.40","450,278,378.02","575,161,555.22","545,245,080.61","485,468,614.38","514,632,128.88","775,701,066.37","476,251,690.03","345,863,754.22","277,327,775.96","261,737,525.05","312,586,761.04","344,620,493.64","335,689,668.66","408,707,744.18","346,546,894.36","435,048,144.23","474,572,786.88","617,939,960.39","1,294,346,835.05","1,065,384,006.41","1,038,933,447.49","1,186,400,638.55","1,234,896,851.14","1,025,518,177.31","1,013,706,606.06","958,308,303.56","933,365,462.34","1,415,407,607.08"
短期借款,"1,085,766,692.25","1,082,202,577.89","1,081,035,366.73","1,053,446,354.23","1,023,000,675.09","876,683,608.82","870,853,074.88","789,754,911.11","796,237,129.47","674,783,729.47","653,850,000.00","669,350,000.00","630,350,000.00","606,950,000.00","573,950,000.00","572,950,000.00","540,950,000.00","552,950,000.00","558,950,000.00","548,350,000.00","582,350,000.00","531,350,000.00","480,350,000.00","418,350,000.00","376,000,000.00","403,000,000.00","403,000,000.00","376,000,000.00","371,000,000.00","487,000,000.00","360,000,000.00","445,349,961.40","526,500,000.00","395,000,000.00","295,000,000.00","405,000,000.00","319,279,522.68","366,211,739.29","289,037,901.45","185,000,000.00","274,447,580.00","384,447,580.00","485,854,403.07","509,839,245.92","524,293,200.00","459,281,308.62","199,406,743.91","300,120,683.61","502,708,325.75"
交易性金融资产,"900,000.00","1,417,746.24","1,612,950.40","1,707,050.72","629,417.76","605,159.68","566,181.12","563,680.32","556,177.92","560,179.20","566,181.12","577,684.80","601,192.32","418,410.00","1,661,820.00",,,,,,,,,,,"46,030,000.00","150,037,844.44","102,629,308.62","4,218.70","110,043,772.78","47,570,657.68",,,,,,,,,,,,"150,000,000.00","190,318,560.46",,,"180,127,315.06",,
交易性金融负债,,,,,,,,,,,,,,,,,,,,,,,,,,,,,,,,,,,,,,,,,,,,,,,,,
应收票据,"37,303,121.95","95,776,569.41","30,507,421.71","25,092,340.23","63,171,946.86","21,563,021.45","47,846,206.00","6,359,492.00","98,666,229.29","231,762,149.45","138,996,878.16","70,018,008.58","154,712,938.08","108,005,451.67","114,758,372.71","176,226,130.38","161,281,489.48","62,005,994.82","120,308,493.75","163,348,641.33","104,774,526.03","130,015,802.49","166,071,713.92","271,483,416.57","180,739,074.70","167,105,693.54","194,044,187.49","279,785,500.40","277,343,710.65","249,030,242.78","281,773,906.51","215,058,843.64","303,638,848.57","181,618,951.93","143,820,786.09","130,488,714.14","144,801,464.97","107,642,119.38","228,217,640.93","249,678,609.69","184,836,656.35","216,107,739.13","305,734,814.54","281,253,544.27","260,862,462.41","230,117,734.49","255,175,785.38","333,136,207.10","308,129,468.85"
应付票据,"416,918,878.01","456,901,728.00","482,933,679.00","333,318,390.80","293,118,946.39","309,970,918.66","318,309,862.29","223,251,055.22","223,888,080.00","337,508,369.60","344,775,934.60","319,534,666.20","320,064,323.75","324,102,142.62","352,943,120.07","375,237,258.00","399,759,485.56","370,038,344.05","507,154,599.49","467,968,890.93","374,414,668.56","544,589,795.11","615,087,214.48","524,762,300.00","400,603,848.41","542,359,948.41","760,520,000.00","626,405,000.00","341,540,000.00","362,035,000.00","410,635,000.00","319,000,000.00","268,800,000.00","377,800,000.00","440,000,000.00","425,100,000.00","378,345,171.85","423,521,951.85","437,148,580.81","321,298,105.33","325,679,865.72","396,281,168.89","613,967,115.94","573,300,861.84","327,064,084.57","491,255,784.32",,"760,920,897.78",
应收账款,"450,657,190.68","426,994,594.68","386,814,883.40","59,342,152.06","98,686,319.40","76,554,359.88","85,050,101.38","80,776,097.24","99,896,274.13","92,910,363.75","137,706,480.68","124,597,863.45","137,574,254.46","178,822,640.75","100,960,403.73","128,235,799.36","126,785,397.52","240,564,492.73","161,948,829.70","123,842,952.67","193,610,575.42","261,855,770.91","178,331,148.44","147,293,883.34","253,475,160.78","451,468,417.88","199,681,615.56","166,456,406.03","208,301,057.16","342,949,715.95","231,984,139.09","216,740,297.79","251,634,846.46","492,379,006.92","342,611,800.03","228,895,977.49","415,742,811.89","623,745,872.58","418,793,527.74","294,523,898.68","500,102,383.50","808,147,107.86","571,875,839.49","417,213,100.70","663,280,042.01","870,399,725.16","712,097,093.20","606,932,550.90","880,214,756.97"
应付账款,"144,267,246.17","219,325,455.94","271,173,163.84","215,916,027.28","257,202,692.16","228,657,399.15","188,172,486.47","188,925,970.54","215,346,144.14","206,270,875.54","209,943,161.67","158,282,010.34","381,113,246.02","378,545,152.12","426,218,659.97","275,865,546.31","406,995,528.21","603,183,036.15","461,023,411.52","316,464,342.90","516,661,560.30","439,537,261.65","340,338,184.94","284,855,017.20","598,578,478.60","751,686,878.11","541,629,743.82","436,417,713.84","650,760,703.76","493,727,840.93","427,123,999.94","374,683,868.85","521,276,294.07","519,484,875.83","402,821,036.37","391,883,359.62","624,628,927.00","615,967,700.33","647,375,212.92","708,958,005.44","879,519,298.16","961,110,813.23","752,493,950.54","758,945,181.52","892,907,721.98","1,051,447,087.07",,"1,040,750,601.56",
预付款项,"317,818,511.81","255,840,657.87","291,663,119.95","277,875,816.23","288,056,039.70","278,655,579.77","259,932,303.29","265,268,891.47","252,488,337.96","156,930,459.41","199,135,452.68","79,791,879.62","126,955,726.16","115,530,360.86","89,736,269.95","83,711,723.34","103,624,401.76","131,939,249.07","123,964,485.62","121,075,802.70","163,779,733.11","150,029,304.05","126,637,929.60","105,877,999.80","138,543,504.41","131,966,502.77","118,484,725.12","96,588,420.15","166,036,054.60","111,817,738.12","99,425,515.48","71,577,846.94","91,395,527.09","87,097,622.39","91,913,452.80","62,377,620.07","94,118,635.67","118,568,729.83","134,855,521.31","122,966,769.53","162,664,990.12","172,015,167.45","225,485,774.88","172,299,747.61","253,970,926.11","263,142,526.61","222,939,854.81","199,708,276.24","289,940,127.04"
预收款项,"110,573,971.05","145,540,833.13","134,016,036.73","121,087,466.73","177,173,678.92","136,739,573.90","138,454,046.87","126,949,499.64","248,886,702.88","274,851,498.62","303,146,458.60","248,851,946.48","377,501,702.41","364,698,625.65","348,260,956.76","326,186,041.60","378,825,789.06","259,331,205.33","279,292,158.80","367,947,827.54","221,693,548.68","173,970,622.25","142,999,072.20","274,667,889.90","262,965,140.21","205,475,452.02","195,668,339.85","199,597,537.80","237,504,680.45","131,138,572.90","145,543,649.90","185,430,026.05","176,503,143.82","106,106,675.54","89,537,538.14","145,440,868.36","109,149,189.10","65,786,045.61","73,719,285.81","210,348,184.30","153,498,571.10","138,640,164.69","160,701,581.38","263,927,803.23","233,954,725.80","128,440,367.89","103,747,801.19","193,741,519.57","279,162,460.85"
其他应收款,"280,531,488.89","218,088,005.82","227,768,198.86","354,821,136.44","335,679,526.91","83,817,140.91","76,320,068.36","170,284,209.40","165,698,721.63","105,393,976.64","104,165,373.87","41,771,842.11","51,384,129.40","46,759,542.95","44,938,029.19","61,390,939.95","69,333,321.27","76,707,642.07","73,266,838.71","54,769,239.86","66,519,074.39","65,147,348.61","53,327,229.48","43,555,028.32","51,482,685.29","72,072,013.90","105,138,394.53","69,508,311.22","79,348,883.46","79,534,356.34","84,319,543.10","94,187,825.21","100,041,544.97","98,417,097.32","99,181,233.17","55,843,095.73","59,765,968.59","64,023,631.41","71,370,643.04","84,550,076.75","72,877,868.55","88,330,326.53","104,087,962.11","87,686,599.19","94,013,570.95","93,499,007.31","104,749,286.17","103,379,426.61","119,591,075.12"
应付职工薪酬,"12,005,110.26","15,963,787.39","16,590,588.69","12,478,875.47","11,395,674.83","10,129,093.88","9,714,880.53","13,786,622.05","16,616,087.81","23,275,528.22","17,956,149.43","14,774,547.51","22,040,597.66","19,571,785.26","15,155,083.75","15,074,272.75","18,933,580.38","22,699,445.74","24,777,804.27","16,661,616.54","17,586,607.63","20,551,661.41","26,054,906.20","23,646,682.90","29,863,488.46","28,652,979.97","30,293,072.67","27,707,480.73","28,964,037.13","28,390,296.91","29,039,826.17","30,567,402.47","32,194,677.09","33,151,704.24","34,617,017.40","34,646,262.67","35,177,589.59","37,980,952.44","39,653,676.76","38,077,497.21","39,598,938.92","40,394,958.39","42,975,514.41","43,972,588.54","44,463,741.67","42,952,628.72","44,120,646.15","46,967,534.33","48,589,668.97"
应收关联公司款,,,,,,,,,,,,,,,,,,,,,,,,,,,,,,,,,,,,,,,,,,,,,,,,,
应交税费,"23,094,057.89","30,041,315.52","13,054,248.90","49,427,815.40","60,917,872.32","49,296,828.32","49,179,002.05","58,721,532.45","76,507,123.36","86,767,286.34","61,808,029.28","45,809,757.83","42,462,720.81","27,786,494.28","32,371,096.56","22,190,632.59","25,090,202.96","17,089,384.00","20,992,747.42","26,737,896.60","23,344,589.21","20,481,230.28","39,478,203.94","-25,570,720.65","-1,502,438.59","17,583,021.40","30,047,635.18","160,388.78","23,063,419.92","26,247,491.75","2,872,973.98","33,443,736.74","67,477,052.25","41,125,705.25","43,070,067.50","25,542,982.31","64,014,134.67","45,583,136.78","35,464,972.92","30,061,574.46","42,954,303.62","45,433,684.50","37,842,908.06","31,839,528.99","59,894,281.58","58,708,707.65","66,456,125.34","41,784,024.36","51,021,273.79"
应收利息,,,,,,,,,,,,,,,,,,,,,,,,,,,,"95,536.68","394,300.57","762,138.05","1,264,209.57","1,662,509.55","2,145,797.22","2,634,454.75","3,128,482.13","1,625,938.06","1,175,563.65","1,149,123.97","944,840.26","653,850.84","1,062,868.50","1,199,288.35","2,411,755.71","3,624,223.07","4,810,332.43","5,970,168.73","7,182,636.09","8,395,103.45","25,245,742.81"
应付利息,"8,016,269.17","10,936,598.58","15,699,017.54","44,302,180.86","47,498,785.24","41,482,271.82","48,210,152.27","56,897,146.52","65,880,354.52","75,415,330.19","85,014,965.33","94,839,538.44","103,673,589.31","113,573,277.53","122,724,422.45","133,457,418.54","143,744,801.61","155,112,188.60","167,293,365.92","179,974,044.88","188,427,830.86","194,775,399.35","204,775,399.35","92,251,962.64",,,,,,,,,,,,,,,,"443,040.27",,"178,305.12","279,569.50","1,308,456.81","348,241.67","592,808.33",,"257,097.22",
应收股利,,,,,,,,,,,,,,,,,,,,,,,,,,,,,,,,,,,,,,,,,,,,,,,,,
应付股利,"84,000.00","84,000.00","84,000.00","912,316.58","912,316.58","912,316.58","912,316.58","84,000.00","84,000.00","84,000.00","84,000.00","84,000.00","84,000.00","84,000.00","84,000.00","84,000.00","84,000.00","84,000.00","84,000.00","84,000.00","84,000.00","84,000.00","84,000.00","84,000.00","84,000.00","84,000.00","84,000.00","84,000.00","84,000.00","84,000.00","84,000.00","84,000.00","84,000.00","84,000.00","84,000.00","84,000.00","84,000.00","84,000.00","84,000.00","84,000.00","84,000.00","84,000.00","84,000.00","84,000.00","84,000.00","23,386,598.07","84,000.00","84,000.00","84,000.00"
存货,"359,908,080.62","532,953,622.10","550,909,317.14","364,175,360.16","398,166,833.90","382,720,643.25","292,314,912.11","290,046,817.14","334,164,435.10","261,514,731.89","264,902,134.35","316,705,988.43","505,396,117.81","521,941,630.27","479,005,083.12","507,028,243.62","683,297,990.57","731,044,526.28","533,435,959.98","568,926,296.67","572,516,647.30","487,151,025.40","368,279,974.79","492,804,675.56","670,083,150.44","690,528,241.49","592,890,809.84","651,096,747.13","689,923,594.74","561,405,880.76","574,399,441.10","622,578,110.91","668,256,282.48","538,151,011.63","455,813,889.66","569,213,776.64","606,148,359.68","502,096,596.15","435,338,732.51","627,234,253.87","703,071,119.99","613,657,703.66","592,113,416.62","779,543,143.52","806,236,763.17","768,102,138.92","674,742,136.07","845,262,074.38","891,062,765.51"
其他应付款,"183,233,652.86","197,625,870.55","199,938,721.04","245,881,077.24","276,685,886.07","198,585,548.72","171,436,491.65","96,044,617.14","80,535,273.20","97,681,608.05","109,509,822.42","84,640,477.80","94,446,087.96","105,308,991.04","77,122,036.66","134,917,946.61","147,884,643.91","151,773,061.26","96,753,099.49","116,629,585.83","127,810,930.01","146,205,496.99","142,340,048.26","138,841,715.09","172,003,129.44","196,114,362.69","204,794,926.79","210,964,738.03","187,860,494.15","202,800,120.93","199,424,522.70","193,510,077.11","198,774,728.22","200,814,462.54","192,854,444.97","199,579,434.07","215,143,045.82","213,076,439.21","222,214,342.27","211,272,022.23","217,087,743.10","258,964,709.07","241,053,129.02","224,017,514.29","227,083,184.82","281,821,978.82","304,522,072.75","240,876,466.53","228,531,568.98"
其中:消耗性生物资产,,,,,,,,,,,,,,,,,,,,,,,,,,,,,,,,,,,,,,,,,,,,,,,,,
应付关联公司款,,,,,,,,,,,,,,,,,,,,,,,,,,,,,,,,,,,,,,,,,,,,,,,,,
一年内到期的非流动资产,,,,,,,,,,,,,,,,,,,,,,,,,,,,,,,,,,,,,,,,,,,,,,,,,
一年内到期的非流动负债,"30,200,000.00","30,000,000.00","30,001,716.41","30,000,000.00","30,000,000.00",,,"64,000,000.00","64,000,000.00","64,000,000.00","64,000,000.00",,,,,,,,,,,"5,000,000.00","5,000,000.00","54,679,590.28","54,679,590.28","69,679,590.28","69,679,590.28","51,452,732.14","36,184,740.27","20,657,414.77","10,327,238.24","46,364,920.25","45,662,820.35","45,964,259.72","19,269,293.54","16,540,100.40","12,828,779.33","9,071,856.24","5,262,657.03","4,403,297.17","4,488,908.42","4,574,519.67","4,660,130.97","214,745,098.23","214,830,065.50","214,915,032.77","215,000,000.00","10,302,698.22","31,228,705.22"
其他流动资产,"6,417,205.25","20,449,053.77","24,937,755.63","23,102,942.13","26,968,627.84","25,472,063.75","32,600,487.13","24,110,751.70","18,073,426.38","18,730,546.88","24,565,024.67","39,126,871.44","28,081,927.25","46,636,823.94","56,170,473.13","47,183,459.73","48,535,561.40","52,846,455.07","58,722,632.08","66,434,613.24","55,623,229.99","55,130,788.29","48,152,370.42","29,342,539.35","34,612,142.88","41,185,400.74","38,970,156.75","19,449,933.26","30,234,515.73","46,569,428.70","58,611,577.03","48,822,303.00","52,633,879.71","30,709,179.35","22,276,928.46","32,528,867.68","51,470,684.27","38,973,832.80","39,272,630.74","50,280,290.94","33,267,235.58","56,583,789.63","58,760,945.10","81,518,120.79","67,590,773.25","75,056,956.96","75,478,692.76","78,786,044.34","101,352,278.70"
其他流动负债,,"9,876,335.81","4,500,000.00",,,,,,,,,,,,,,,,,,,,,"200,455,000.00","205,205,000.02","209,955,000.00","214,625,000.00","301,481,250.00","306,843,750.00","312,206,250.00","317,647,150.00","201,498,183.33","204,826,683.33","208,155,183.33","211,562,083.33",,"221,892,473.13","225,082,473.15","228,272,473.17","231,462,473.19",,,,,,,,,
流动资产合计,"1,793,677,745.52","1,890,406,902.53","1,919,293,440.13","1,377,247,625.02","1,407,902,932.81","1,107,126,236.52","1,065,878,623.65","990,479,884.41","1,175,729,195.87","1,259,687,573.85","1,265,650,959.66","1,146,468,871.19","1,478,686,330.29","1,468,791,410.00","1,458,111,024.31","1,399,296,252.89","1,600,541,511.89","1,667,981,183.41","1,652,542,852.35","1,543,634,965.62","1,554,121,737.64","1,599,608,417.77","1,515,961,921.87","1,635,602,623.55","1,814,404,332.88","2,114,988,399.20","2,174,948,800.10","1,861,861,853.52","1,797,450,089.83","1,779,441,049.44","1,641,086,514.61","1,583,214,498.08","1,814,367,220.14","1,766,696,992.95","1,567,454,316.52","1,427,520,884.17","1,808,271,632.95","1,930,772,693.00","1,946,733,496.92","2,724,234,585.35","2,723,267,129.00","2,994,974,570.10","3,196,871,147.00","3,248,353,890.75","3,176,283,047.64","3,319,994,864.24","3,183,618,467.01","3,100,570,041.91","4,005,698,079.27"
流动负债合计,"2,014,159,877.66","2,198,498,502.81","2,249,026,538.88","2,106,770,504.59","2,177,906,527.60","1,852,457,559.85","1,795,242,313.59","1,618,415,354.67","1,787,980,895.38","1,840,638,226.03","1,850,088,521.33","1,636,166,944.60","1,971,736,267.92","1,940,620,468.50","1,948,829,376.22","1,855,963,116.40","2,062,268,031.69","2,132,260,665.13","2,116,321,186.91","2,040,818,205.22","2,052,373,735.25","2,076,545,467.04","1,996,507,029.37","1,987,023,437.36","2,098,480,236.83","2,424,591,232.88","2,450,342,308.59","2,230,270,841.32","2,183,805,825.68","2,064,286,988.19","1,902,698,360.93","1,829,932,176.20","2,042,099,399.13","1,927,686,866.45","1,728,815,481.25","1,643,817,007.43","1,980,542,833.17","2,002,366,294.90","1,978,233,103.14","1,941,408,199.60","1,937,359,209.04","2,230,109,903.56","2,339,912,302.89","2,621,980,279.37","2,524,923,247.59","2,752,802,302.26","2,636,388,770.37","2,635,464,425.96","3,593,823,599.24"
可供出售金融资产,,,,,,,,,,,,,,,,,,,,,,,,,,,,,,,"50,015,000.00","50,015,000.00","50,000,000.00","50,000,000.00","50,000,000.00","50,000,000.00","50,000,000.00","50,000,000.00","50,000,000.00","50,000,000.00","50,000,000.00","50,000,000.00","50,000,000.00",,,,,,
长期借款,,,,"64,000,000.00","64,000,000.00","64,000,000.00","64,000,000.00",,,,,,,,,,,,,,,,,,,,"30,000,000.00","30,000,000.00","29,000,000.00","29,000,000.00","28,000,000.00",,,,,,,,"40,000,000.00","240,000,000.00","240,000,000.00","240,000,000.00","440,000,000.00","230,000,000.00","230,000,000.00","230,000,000.00","320,000,000.00","319,500,000.00","298,500,000.00"
持有至到期投资,,,,,,,,,,,,,,,,,,,,,,,,,,,,,,,,,,,,,,,,,,,,,,,,,
应付债券,,,,,,,,,,,,,,,,,,,,,,,,,,,,,,,,,,,,,,,,,,,,,,,,,
长期应收款,,,,,,,,,,,,,,,,,,"998,980.35","1,342,588.07","1,270,697.34","1,607,632.46","2,071,672.66","2,370,922.67","2,264,695.68","2,286,661.71","3,917,826.70","3,853,434.02","3,642,995.94","3,512,048.79","3,458,915.41","3,383,266.16","3,407,583.44","3,430,556.20","3,449,364.34","3,464,553.70",,,,,,,"165,065.89","226,701.30","320,775.36","285,457.49","835,270.14","853,369.06","2,353,653.32","2,080,312.03"
长期应付款,,,,,,,,,,,,,,,,"29,736,967.50","30,845,902.50","30,845,902.50","26,400,370.00","26,901,977.03","27,403,584.06","22,905,191.09","18,406,798.12","75,912,770.34","61,821,939.70","32,631,268.21","13,289,169.24","17,037,505.88","17,355,182.63","17,672,859.38","12,990,536.13","25,756,758.36","22,219,386.25","18,617,429.50","9,948,289.87","9,148,395.40","9,318,973.92","9,489,552.44","9,660,130.96","4,745,098.23","4,830,065.50","4,915,032.77","4,999,999.99",,,,,"53,254,865.04","53,351,657.49"
长期股权投资,"181,709,523.07","60,616,603.68","59,116,603.68","58,341,549.99","64,236,549.99","64,236,549.99","64,236,549.99","64,598,895.84","64,598,895.84","64,324,399.96","64,324,399.96","61,249,540.28","61,249,540.28","58,767,543.28","59,153,589.90","59,906,025.49","59,676,717.87","59,758,239.72","59,654,097.61","52,887,061.44","52,743,938.17","53,099,760.21","52,900,632.74","52,878,305.31","52,883,706.83","50,257,509.95","50,414,668.28","150,847,213.57","190,239,424.10","192,924,298.20","141,018,813.68","136,582,803.92","136,453,424.58","132,762,565.78","131,921,162.54","133,365,925.54","128,430,172.28","127,884,998.14","127,928,464.47","128,850,775.02","164,644,808.81","165,773,768.38","164,748,150.51","175,684,662.08","177,190,653.89","212,618,978.75","271,047,513.68","268,579,349.47","266,960,202.87"
专项应付款,"4,475,760.00","3,147,543.00","2,647,543.00","7,845,760.00","7,845,760.00","6,645,760.00","6,645,760.00","13,445,760.00","17,945,760.00","24,210,926.22","23,810,926.22","31,313,560.00","31,313,560.00","23,143,560.00","19,467,800.00","20,647,800.00","26,647,800.00","26,997,800.00","22,807,800.00","6,000,000.00","6,000,000.00","6,000,000.00","6,000,000.00","6,000,000.00","6,000,000.00",,,,,,,,,,,,,,,,,,,,,,,,
投资性房地产,,,,,,,,,,,,,,,,,,,,,,,,,,"8,468,112.41","8,360,654.93","8,872,905.78","8,756,501.76","8,640,097.74","8,523,693.72","8,407,289.70","8,290,885.68","8,174,481.66","8,058,077.64","7,941,673.62","3,431,659.35","7,708,865.58","7,592,461.56","7,476,057.54","7,359,653.52","7,243,249.50","7,126,845.48","7,010,441.46","6,894,037.44","6,777,633.42","6,661,229.40","6,544,825.38","6,428,421.36"
预计负债,,,,,,,,,,,,,,,,,,,,,,,,,,,,,,,,,,,,,,,,,,,,"323,488.52","323,488.52","323,488.52",,,
固定资产,"495,750,787.30","506,363,807.89","501,572,052.00","458,184,373.19","464,396,595.68","465,182,467.31","448,374,458.93","406,104,711.31","403,227,052.34","394,427,098.98","405,156,932.90","413,821,704.09","424,276,721.67","420,998,156.03","459,985,835.38","490,428,749.68","494,314,278.90","495,428,922.87","489,030,326.63","548,033,903.85","547,487,557.25","548,459,313.18","542,357,571.92","581,991,820.10","595,142,426.07","637,872,609.93","642,551,465.33","632,823,833.38","635,121,193.82","633,879,763.34","623,590,946.93","611,132,743.56","607,023,897.49","596,639,613.50","585,263,563.03","573,031,457.31","564,080,007.76","542,523,095.53","519,074,174.74","543,247,084.21","535,366,702.26","571,269,267.56","589,745,207.75","588,653,137.25","582,750,102.97","585,969,310.83","571,829,880.38","568,126,824.85","570,651,219.32"
递延所得税负债,,,,"190,902.68","21,494.44","15,429.92","16,545.28","9,552.05","8,426.69","9,026.88","9,927.17","11,652.72","15,178.85",,,,,,,,,,,,,,,,,,,,,,,,,,,,,,,,,,,"7,593,774.52","9,584,857.15"
在建工程,"5,882,855.21","1,103,644.57","1,890,648.58","697,741.31","2,613,458.62","2,077,173.01","2,217,173.01","1,053,531.93","2,595,672.58","1,113,118.14","7,217,975.61","8,456,560.69","8,031,138.84","10,049,388.83","1,990,564.20","2,800,160.70","16,021,185.63","35,106,143.24","46,232,007.96","21,637,312.30","21,780,760.38","22,732,931.38","26,907,060.38","17,623,524.08","9,231,137.40","953,545.97","956,845.97","2,288,334.60",,,"137,180.00","1,166,007.55","1,075,217.89","508,300.00","608,300.00","963,010.00","6,087,501.24","16,306,887.94","44,856,849.69","82,970,373.49","84,528,097.24","109,733,675.75","183,302,567.63","223,003,057.89","251,610,889.71","310,780,455.86","362,586,282.63","506,498,829.44","572,467,948.66"
其他非流动负债,,,,,,,,,,,,,,,,"21,079,297.62","20,440,029.65","19,189,039.63","20,355,912.40","21,140,937.62","20,368,108.45","19,591,013.72","25,240,588.35","50,875,027.71","58,242,387.94","65,137,746.53","62,717,151.87","62,035,246.15","60,712,748.31","102,984,109.80","103,327,841.14",,,,,,,,,,,,,,,,,,
工程物资,,,,,,,,,,,,,,,,,,,,,,,,,,,,,,,,,,,,,,,,,,,,,,,,,
非流动负债合计,"4,475,760.00","3,147,543.00","2,647,543.00","72,036,662.68","71,867,254.44","70,661,189.92","70,662,305.28","13,455,312.05","17,954,186.69","24,219,953.10","23,820,853.39","31,325,212.72","31,328,738.85","23,143,560.00","19,467,800.00","71,464,065.12","77,933,732.15","77,032,742.13","69,564,082.40","54,042,914.65","53,771,692.51","48,496,204.81","49,647,386.47","132,787,798.05","126,064,327.64","97,769,014.74","106,006,321.11","109,072,752.03","107,067,930.94","149,656,969.18","144,318,377.27","126,066,790.90","119,201,801.85","114,866,804.71","103,189,214.12","121,766,137.12","117,899,783.11","114,033,429.10","154,073,589.09","353,216,299.27","348,983,760.31","344,751,221.35","540,518,682.34","325,112,664.64","321,153,908.39","316,085,652.14","400,693,907.43","464,181,457.42","442,601,414.75"
固定资产清理,,"856,411.68","856,411.68",,,,,,,,,,,,,,,,,,,,,,,,,,,,,,,,,,,,,,,,,,,,,,
负债合计,"2,018,635,637.66","2,201,646,045.81","2,251,674,081.88","2,178,807,167.27","2,249,773,782.04","1,923,118,749.77","1,865,904,618.87","1,631,870,666.72","1,805,935,082.07","1,864,858,179.13","1,873,909,374.72","1,667,492,157.32","2,003,065,006.77","1,963,764,028.50","1,968,297,176.22","1,927,427,181.52","2,140,201,763.84","2,209,293,407.26","2,185,885,269.31","2,094,861,119.87","2,106,145,427.76","2,125,041,671.85","2,046,154,415.84","2,119,811,235.41","2,224,544,564.47","2,522,360,247.62","2,556,348,629.70","2,339,343,593.35","2,290,873,756.62","2,213,943,957.37","2,047,016,738.20","1,955,998,967.10","2,161,301,200.98","2,042,553,671.16","1,832,004,695.37","1,765,583,144.55","2,098,442,616.28","2,116,399,724.00","2,132,306,692.23","2,294,624,498.87","2,286,342,969.35","2,574,861,124.91","2,880,430,985.23","2,947,092,944.01","2,846,077,155.98","3,068,887,954.40","3,037,082,677.80","3,099,645,883.38","4,036,425,013.99"
生产性生物资产,,,,,,,,,,,,,,,,,,,,,,,,,,,,,,,,,,,,,,,,,,,,,,,,,
实收资本(或股本),"341,036,000.00","341,036,000.00","341,036,000.00","341,036,000.00","341,036,000.00","341,036,000.00","341,036,000.00","341,036,000.00","341,036,000.00","341,036,000.00","341,036,000.00","341,036,000.00","341,036,000.00","341,036,000.00","341,036,000.00","341,036,000.00","341,036,000.00","341,036,000.00","341,036,000.00","341,036,000.00","341,036,000.00","341,036,000.00","341,036,000.00","341,036,000.00","341,036,000.00","341,036,000.00","682,072,000.00","682,072,000.00","682,072,000.00","682,072,000.00","682,072,000.00","682,072,000.00","682,072,000.00","682,072,000.00","682,072,000.00","682,072,000.00","682,072,000.00","682,072,000.00","682,072,000.00","776,753,269.00","776,753,269.00","776,753,269.00","776,753,269.00","776,753,269.00","776,753,269.00","776,753,269.00","776,753,269.00","799,183,269.00","799,183,269.00"
油气资产,,,,,,,,,,,,,,,,,,,,,,,,,,,,,,,,,,,,,,,,,,,,,,,,,
资本公积,"839,828,816.21","839,828,816.21","839,828,816.21","840,421,842.15","839,756,393.46","839,774,913.32","839,820,117.00","840,333,061.16","840,333,061.16","840,333,061.16","840,333,061.16","840,333,061.16","840,333,061.16","840,335,213.96","840,335,213.95","840,335,213.96","840,335,213.96","840,335,213.96","840,335,213.96","840,335,213.96","840,335,213.96","840,335,213.96","840,335,213.96","840,335,213.96","839,830,969.00","839,828,816.21","500,562,126.65","500,562,126.65","500,562,126.65","500,562,126.65","500,562,126.65","500,623,724.84","500,623,724.84","500,623,724.84","500,623,724.84","500,623,724.84","500,623,724.84","500,623,724.84","500,623,724.84","1,134,038,706.52","1,134,038,706.52","1,134,038,706.52","1,134,038,706.52","1,134,038,706.52","1,134,038,706.52","1,134,038,706.52","1,134,038,706.52","1,164,844,068.52","1,166,640,711.52"
无形资产,"549,552,291.83","647,899,071.28","646,600,777.51","723,209,964.92","721,024,579.14","718,139,629.43","714,881,902.94","617,816,756.96","614,528,489.57","612,464,236.92","614,381,180.23","524,782,230.32","523,028,103.46","517,594,877.03","515,967,835.10","513,379,797.07","510,722,991.44","511,365,202.54","508,741,184.67","506,827,273.69","504,147,203.00","505,024,229.53","525,136,779.74","529,848,907.73","535,950,744.09","533,176,059.48","530,391,612.34","528,315,610.94","525,806,271.76","523,909,849.45","521,570,671.98","523,876,308.40","520,942,818.97","519,628,711.33","518,260,973.66","517,127,154.02","530,225,107.15","528,834,451.88","526,108,917.49","517,227,863.38","515,242,309.56","517,976,427.70","548,659,794.21","551,219,001.89","547,764,518.93","530,908,723.40","528,780,251.41","534,961,964.80","537,761,536.48"
盈余公积,"32,186,919.62","32,186,919.62","32,186,919.62","31,368,120.59","31,368,120.59","31,368,120.59","31,368,120.59","31,171,849.14","31,171,849.14","31,171,849.14","31,171,849.14","31,171,849.14","31,171,849.14","31,171,849.14","31,171,849.14","30,975,577.69","30,975,577.69","30,975,577.69","30,975,577.69","30,975,577.69","30,975,577.69","30,975,577.69","30,975,577.69","45,708,703.10","45,603,801.73","45,603,801.73","45,603,801.73","61,900,724.96","61,900,724.96","61,900,724.96","61,900,724.96","65,311,822.97","65,311,822.97","65,311,822.97","65,311,822.97","71,042,310.13","71,042,310.13","71,042,310.13","71,042,310.13","72,340,096.35","72,340,096.35","72,340,096.35","72,340,096.35","76,483,614.34","76,483,614.34","76,483,614.34","76,483,614.34","79,858,973.74","79,858,973.74"
开发支出,,,,,,,,,,,,,,,,,,,,,,,,,,,,,,,,,,,,,,,,,,,,,,,,,
减:库存股,,,,,,,,,,,,,,,,,,,,,,,,,,,,,,,,,,,,,,,,,,,,,,,,"52,037,600.00","52,037,600.00"
商誉,,,,"6,903,006.81","6,903,006.81","6,903,006.81","6,903,006.81",,,,,,,,,,,,,,,,,,,,,,,,,,,,,,,,,,,,,,,,,,
未分配利润,"-225,752,958.46","-328,840,426.31","-356,610,964.04","-782,123,312.63","-801,876,127.50","-778,451,515.78","-779,803,371.46","-769,086,754.02","-762,475,422.98","-746,187,985.35","-733,127,215.66","-717,201,316.03","-710,481,114.36","-689,663,966.56","-673,439,432.35","-647,796,632.38","-642,774,993.45","-626,752,109.03","-623,385,268.98","-610,711,379.15","-603,884,524.26","-560,179,344.58","-543,627,640.20","-460,869,589.11","-364,525,329.93","-315,811,865.34","-298,509,617.33","-325,019,760.51","-306,411,614.69","-249,004,116.15","-233,156,185.20","-256,958,748.62","-233,599,257.72","-181,831,560.91","-186,506,438.71","-243,469,211.18","-213,799,776.31","-179,245,228.85","-183,554,128.86","-220,811,470.72","-189,125,691.40","-174,508,989.21","-184,177,758.79","-192,264,802.72","-161,939,879.51","-155,555,391.27","-166,327,970.53","-149,041,886.88","-112,158,913.13"
长期待摊费用,"2,167,465.04","2,081,830.85","1,996,196.66","1,910,562.47","1,827,146.38","1,745,359.72","1,663,573.05","480,162.61","420,142.33","1,256,504.67","1,377,947.38","3,289,390.09","4,376,581.56","3,851,692.89","6,246,473.76","5,483,208.35","4,860,814.05","3,843,804.20","3,105,033.09","4,780,168.88","13,152,656.56","24,919,935.42","28,419,591.98","52,301,528.54","55,723,461.20","54,893,231.98","54,388,493.95","57,041,189.01","51,419,575.40","51,399,481.34","53,493,732.79","55,688,270.69","55,887,564.10","52,855,075.55","51,648,256.69","55,955,498.91","49,895,754.91","45,892,602.77","41,577,625.49","51,490,296.37","46,921,696.80","45,655,099.19","43,712,819.61","55,504,801.44","48,700,628.19","48,170,284.19","50,087,675.82","64,038,864.30","67,140,813.47"
少数股东权益,"23,882,760.84","24,922,460.42","24,623,867.81","21,125,463.82","12,986,558.33","13,046,335.75","13,059,603.20","11,510,171.44","11,366,800.22","11,222,551.03","11,059,881.93","6,803,870.94","6,596,505.97","6,118,579.89","6,290,953.36","5,071,899.40","4,632,700.75","4,732,607.62","4,750,694.33","4,581,392.87","4,583,655.11","4,946,912.35","4,981,382.17","5,459,505.87","4,675,800.37","5,016,017.08","10,521,355.71","9,384,996.84","9,402,296.82","10,132,499.03","10,228,188.69","59,783,949.88","58,677,949.30","57,936,199.81","56,724,570.48","53,177,914.55","51,921,271.93","104,061,759.56","103,201,711.18","102,969,647.60","102,008,387.80","155,712,714.31","155,567,935.14","156,068,677.41","168,124,539.24","170,079,007.09","171,990,100.77","172,438,307.60","173,084,007.73"
递延所得税资产,"1,076,507.90","1,451,543.27","1,412,591.24","3,143,055.78","3,143,055.78","3,484,779.15","6,232,398.11","5,428,324.88","5,426,363.39","8,350,333.70","5,494,335.46","10,819,274.59","11,356,010.10","12,022,923.20","11,581,892.80","25,131,669.94","27,676,555.74","24,577,182.71","18,419,526.27","21,507,841.26","23,682,332.75","25,803,407.87","25,395,273.71","18,595,638.59","25,200,478.62","33,194,033.65","30,451,802.31","22,300,394.11","25,876,003.27","25,766,724.12","25,647,929.41","33,216,535.61","36,822,348.90","35,888,415.15","33,520,002.36","47,454,279.32","49,880,311.23","45,030,694.84","41,820,319.16","54,417,712.26","55,027,340.43","53,595,797.81","50,559,999.96","48,422,640.44","47,263,069.31","54,005,978.87","53,220,933.44","61,151,741.76","59,740,688.50"
外币报表折算价差,,,,,,,,,,,,,,,,,,,,,,,,,,,,,,,,,,,,,,,,,,,,,,,,,
其他非流动资产,,,,"997,401.71","997,401.71","997,401.71","997,401.71","872,726.50","841,557.69","810,388.89","779,220.09","748,051.28","716,882.48","685,713.67","654,544.87","623,376.07","592,207.27","561,038.46","529,869.66","498,700.86","467,532.05","436,363.25","405,194.45","374,025.65","342,856.84","311,688.03","280,519.23","249,350.44","218,181.63","187,012.82","155,844.02","124,675.22","93,506.42","62,337.61","31,168.81","15,670,000.00",,,,,,"22,810,000.00",,,"795,000.00","625,660.38","1,334,795.07","2,064,920.13","2,066,240.89"
非正常经营项目收益调整,,,,,,,,,,,,,,,,,,,,,,,,,,,,,,,,,,,,,,,,,,,,,,,,,
非流动资产合计,"1,236,139,430.35","1,220,372,913.22","1,213,445,281.35","1,253,387,656.18","1,265,141,794.11","1,262,766,367.13","1,245,506,464.55","1,096,355,110.03","1,091,638,173.74","1,082,746,081.26","1,098,731,991.63","1,023,166,751.34","1,033,034,978.39","1,023,970,294.93","1,055,580,736.01","1,097,752,987.30","1,113,864,750.90","1,131,639,514.09","1,127,054,633.96","1,157,442,959.62","1,165,069,612.62","1,182,547,613.50","1,203,893,027.59","1,255,878,445.68","1,276,761,472.76","1,323,044,618.10","1,321,649,496.36","1,406,381,827.77","1,440,949,200.53","1,440,166,142.42","1,427,537,078.69","1,423,617,218.09","1,420,020,220.23","1,399,968,864.92","1,382,776,058.43","1,401,508,998.72","1,382,030,513.92","1,364,181,596.68","1,358,958,812.60","1,435,680,162.27","1,459,090,608.62","1,544,222,351.78","1,638,082,086.45","1,649,818,517.81","1,663,254,357.93","1,750,692,295.84","1,846,401,930.89","2,014,320,973.45","2,085,297,383.58"
所有者权益(或股东权益)合计,"1,011,181,538.21","909,133,769.94","881,064,639.60","451,828,113.93","423,270,944.88","446,773,853.88","445,480,469.33","454,964,327.72","461,432,287.54","477,575,475.98","490,473,576.57","502,143,465.21","508,656,301.91","528,997,676.43","545,394,584.10","569,622,058.67","574,204,498.95","590,327,290.24","593,712,217.00","606,216,805.37","613,045,922.50","657,114,359.42","673,700,533.62","771,669,833.82","866,621,241.17","915,672,769.68","940,249,666.76","928,900,087.94","947,525,533.74","1,005,663,234.49","1,021,606,855.10","1,050,832,749.07","1,073,086,239.39","1,124,112,186.71","1,118,225,679.58","1,063,446,738.34","1,091,859,530.59","1,178,554,565.68","1,173,385,617.29","1,865,290,248.75","1,896,014,768.27","1,964,335,796.97","1,954,522,248.22","1,951,079,464.55","1,993,460,249.59","2,001,799,205.68","1,992,937,720.10","2,015,245,131.98","2,054,570,448.86"
资产总计,"3,029,817,175.87","3,110,779,815.75","3,132,738,721.48","2,630,635,281.20","2,673,044,726.92","2,369,892,603.65","2,311,385,088.20","2,086,834,994.44","2,267,367,369.61","2,342,433,655.11","2,364,382,951.29","2,169,635,622.53","2,511,721,308.68","2,492,761,704.93","2,513,691,760.32","2,497,049,240.19","2,714,406,262.79","2,799,620,697.50","2,779,597,486.31","2,701,077,925.24","2,719,191,350.26","2,782,156,031.27","2,719,854,949.46","2,891,481,069.23","3,091,165,805.64","3,438,033,017.30","3,496,598,296.46","3,268,243,681.29","3,238,399,290.36","3,219,607,191.86","3,068,623,593.30","3,006,831,716.17","3,234,387,440.37","3,166,665,857.87","2,950,230,374.95","2,829,029,882.89","3,190,302,146.87","3,294,954,289.68","3,305,692,309.52","4,159,914,747.62","4,182,357,737.62","4,539,196,921.88","4,834,953,233.45","4,898,172,408.56","4,839,537,405.57","5,070,687,160.08","5,030,020,397.90","5,114,891,015.36","6,090,995,462.85"
负债和所有者(或股东权益)合计,"3,029,817,175.87","3,110,779,815.75","3,132,738,721.48","2,630,635,281.20","2,673,044,726.92","2,369,892,603.65","2,311,385,088.20","2,086,834,994.44","2,267,367,369.61","2,342,433,655.11","2,364,382,951.29","2,169,635,622.53","2,511,721,308.68","2,492,761,704.93","2,513,691,760.32","2,497,049,240.19","2,714,406,262.79","2,799,620,697.50","2,779,597,486.31","2,701,077,925.24","2,719,191,350.26","2,782,156,031.27","2,719,854,949.46","2,891,481,069.23","3,091,165,805.64","3,438,033,017.30","3,496,598,296.46","3,268,243,681.29","3,238,399,290.36","3,219,607,191.86","3,068,623,593.30","3,006,831,716.17","3,234,387,440.37","3,166,665,857.87","2,950,230,374.95","2,829,029,882.89","3,190,302,146.87","3,294,954,289.68","3,305,692,309.52","4,159,914,747.62","4,182,357,737.62","4,539,196,921.88","4,834,953,233.45","4,898,172,408.56","4,839,537,405.57","5,070,687,160.08","5,030,020,397.90","5,114,891,015.36","6,090,995,462.85"
